5
5 0 1 1
0 0 1 5
1 1 1 6
0 1 1 7
3 0 2 2

5
5 0 1 4
0 0 1 5
1 1 1 6
0 1 1 7
3 0 10 10

1
3 4 3 10

4
0 0 2 2
1 0 1 3
0 1 1 4
1 1 1 5

2
0 0 0 7
5 5 0 0

3
3 4 1 5
5 5 1 6
0 4 1 4

3
1 1 1 3
1 1 1 3
1 0 1 2


6
5 0 10 10
0 0 1 3
0 1 1 1
1 1 1 5
3 0 2 2
3 0 2 2
//2

7
5 0 10 10
0 0 1 3
0 1 1 4
1 1 1 5
3 0 2 2
-100 -100 0 300
-101 -101 0 1
//303

5
5 0 2 2
0 0 1 3
0 1 1 4
1 1 1 5
3 0 2 3


1
0 0 0 9

12
19
1 0
2 1
0 2
4 0
3 1
3 4
4 5
5 3
5 10
10 11
11 5
6 3
4 6
9 4
8 6
9 7
7 8
8 7
9 6
0
1
2
3
4
5
6
7
8
9
10
11
//19

5
5
2 0
0 1
1 2
2 3
3 0
9
1
2
3
5

12
19
0 1
0 4
1 2
1 3
2 0
3 5
3 6
4 3
4 9
5 4
5 11
6 9
6 8
6 4
7 8
7 9
8 7
10 5
11 10
1
2
3
4
5
6
7
8
9
10
11
12
//1

7
5 0 2 4
0 0 1 5
0 0 1 5
0 0 1 5
1 1 1 6
0 1 1 7
3 0 2 10